function dydt=eqs(t,y)

dydt=[
        0.001*(-1500*y(1)^2+y(3)-101300)/y(2);...
        y(1);...
        -0.00042*(5.251318045e13*y(3)*y(2)^3+10000*y(3)*y(1)-5.3195851819e9)/y(2);...     
     ];
    